项目需要时间：
4:40开始
5:15开始迭代
5:20结束

k=100
17/12/22 17:20:24 INFO RecommenderJob: Evaluator value:RMSE is 0.7325004116139475
17/12/22 17:20:24 INFO RecommenderJob: Evaluator value:MAE is 0.5488972902549324
17/12/22 17:20:24 INFO RecommenderJob: Evaluator value:MSE is 0.5365568530146025
17/12/22 17:20:24 INFO RecommenderJob: Evaluator value:MPE is 0.9858120927163243


7:00开始
7:41结束
k=50
17/12/22 19:41:00 INFO RecommenderJob: Evaluator value:MSE is 0.5392863268995568
17/12/22 19:41:00 INFO RecommenderJob: Evaluator value:RMSE is 0.7343611692481818
17/12/22 19:41:00 INFO RecommenderJob: Evaluator value:MAE is 0.5488438332419562
17/12/22 19:41:00 INFO RecommenderJob: Evaluator value:MPE is 0.9859723524854218

k=150
17/12/22 21:50:15 INFO RecommenderJob: Evaluator value:RMSE is 0.7391353173262718
17/12/22 21:50:15 INFO RecommenderJob: Evaluator value:MAE is 0.5516871218578034
17/12/22 21:50:15 INFO RecommenderJob: Evaluator value:MSE is 0.5463210173190085
17/12/22 21:50:15 INFO RecommenderJob: Evaluator value:MPE is 0.9864005219589773

k=150改进数据之后
17/12/25 14:42:38 INFO RecommenderJob: Evaluator value:RMSE is 0.7362330200592205
17/12/25 14:42:38 INFO RecommenderJob: Evaluator value:MAE is 0.5501747181683738
17/12/25 14:42:38 INFO RecommenderJob: Evaluator value:MSE is 0.5420390598255207
17/12/25 14:42:38 INFO RecommenderJob: Evaluator value:MPE is 0.9858086616099829



k=150
全部改进之后
17/12/27 17:20:05 INFO RecommenderJob: Evaluator value:RMSE is 0.739773153007254

17/12/27 17:20:05 INFO RecommenderJob: Evaluator value:MPE is 0.9858761667957445

17/12/27 17:20:05 INFO RecommenderJob: Evaluator value:MSE is 0.5472643179102941

17/12/27 17:20:05 INFO RecommenderJob: Evaluator value:MAE is 0.5519953859611074


uirtSe12LoAll
k=150
17/12/27 18:14:10 INFO RecommenderJob: Evaluator value:MSE is 0.5416538682420922
17/12/27 18:14:10 INFO RecommenderJob: Evaluator value:MPE is 0.9864102198406716
17/12/27 18:14:10 INFO RecommenderJob: Evaluator value:MAE is 0.548348100308463
17/12/27 18:14:10 INFO RecommenderJob: Evaluator value:RMSE is 0.7359713773252953





k=10
18/01/02 22:03:14 INFO RecommenderJob: Evaluator value:MPE is 0.9852446654574357
18/01/02 22:03:14 INFO RecommenderJob: Evaluator value:MAE is 0.5499281478509735
18/01/02 22:03:14 INFO RecommenderJob: Evaluator value:RMSE is 0.7363142563014562
18/01/02 22:03:14 INFO RecommenderJob: Evaluator value:MSE is 0.5421586840327666


k=20
18/01/02 20:20:28 INFO RecommenderJob: Evaluator value:MPE is 0.9860598773106161
18/01/02 20:20:28 INFO RecommenderJob: Evaluator value:MAE is 0.547360464302868
18/01/02 20:20:28 INFO RecommenderJob: Evaluator value:RMSE is 0.7330840775504927
18/01/02 20:20:28 INFO RecommenderJob: Evaluator value:MSE is 0.5374122647580567


k=30
18/01/02 12:39:19 INFO RecommenderJob: Evaluator value:MPE is 0.9867729181103004
18/01/02 12:39:19 INFO RecommenderJob: Evaluator value:MAE is 0.5487151325826023
18/01/02 12:39:19 INFO RecommenderJob: Evaluator value:RMSE is 0.7340480839921996
18/01/02 12:39:19 INFO RecommenderJob: Evaluator value:MSE is 0.5388265896126193



k=40
18/01/02 12:33:34 INFO RecommenderJob: Evaluator value:MPE is 0.9865691109933559
18/01/02 12:33:34 INFO RecommenderJob: Evaluator value:MAE is 0.5489879813340383
18/01/02 12:33:34 INFO RecommenderJob: Evaluator value:RMSE is 0.7347974725519197
18/01/02 12:33:34 INFO RecommenderJob: Evaluator value:MSE is 0.5399273256686892


k=50
18/01/01 22:45:37 INFO RecommenderJob: Evaluator value:MPE is 0.9864875881465781
18/01/01 22:45:37 INFO RecommenderJob: Evaluator value:MAE is 0.5488823009454975
18/01/01 22:45:37 INFO RecommenderJob: Evaluator value:RMSE is 0.7344559556739477
18/01/01 22:45:37 INFO RecommenderJob: Evaluator value:MSE is 0.5394255508249319

k=60
18/01/02 10:50:37 INFO RecommenderJob: Evaluator value:MPE is 0.9867321566869115
18/01/02 10:50:37 INFO RecommenderJob: Evaluator value:MAE is 0.5492991513150236
18/01/02 10:50:37 INFO RecommenderJob: Evaluator value:RMSE is 0.7352402809709243
18/01/02 10:50:37 INFO RecommenderJob: Evaluator value:MSE is 0.5405782707622038


k=80
18/01/02 10:40:52 INFO RecommenderJob: Evaluator value:MPE is 0.9866710145518282
18/01/02 10:40:52 INFO RecommenderJob: Evaluator value:MAE is 0.5493230742501014
18/01/02 10:40:52 INFO RecommenderJob: Evaluator value:RMSE is 0.7355057082683656
18/01/02 10:40:52 INFO RecommenderJob: Evaluator value:MSE is 0.5409686468953501



k=100
18/01/01 23:53:09 INFO RecommenderJob: Evaluator value:MPE is 0.9861411160477724
18/01/01 23:53:09 INFO RecommenderJob: Evaluator value:MAE is 0.5500760140119691
18/01/01 23:53:09 INFO RecommenderJob: Evaluator value:RMSE is 0.7368608232735901
18/01/01 23:53:09 INFO RecommenderJob: Evaluator value:MSE is 0.542963872875433


k=100-change2注释掉了旅游区部分
18/01/02 20:37:05 INFO RecommenderJob: Evaluator value:MPE is 0.986669384427232
18/01/02 20:37:05 INFO RecommenderJob: Evaluator value:MAE is 0.5482286179644101
18/01/02 20:37:05 INFO RecommenderJob: Evaluator value:RMSE is 0.7355588428113213
18/01/02 20:37:05 INFO RecommenderJob: Evaluator value:MSE is 0.5410468112379301
k=100-change3同时注释掉了旅游区和村
18/01/03 10:08:17 INFO RecommenderJob: Evaluator value:MPE is 0.9856472986748216
18/01/03 10:08:17 INFO RecommenderJob: Evaluator value:MAE is 0.5484294800861865
18/01/03 10:08:17 INFO RecommenderJob: Evaluator value:RMSE is 0.7365794342170272
18/01/03 10:08:17 INFO RecommenderJob: Evaluator value:MSE is 0.542549262911476
k=100-changes4同时注释掉了旅游区、村、乡镇
18/01/03 21:29:21 INFO RecommenderJob: Evaluator value:MPE is 0.9865432451168291
18/01/03 21:29:21 INFO RecommenderJob: Evaluator value:MAE is 0.5496784863201662
18/01/03 21:29:21 INFO RecommenderJob: Evaluator value:RMSE is 0.734524509295469
18/01/03 21:29:21 INFO RecommenderJob: Evaluator value:MSE is 0.5395262547557494
k=100-changes5

k=120
18/01/02 10:46:37 INFO RecommenderJob: Evaluator value:MPE is 0.9864264460114948
18/01/02 10:46:37 INFO RecommenderJob: Evaluator value:MAE is 0.5507601106104655
18/01/02 10:46:37 INFO RecommenderJob: Evaluator value:RMSE is 0.7378216884696321
18/01/02 10:46:37 INFO RecommenderJob: Evaluator value:MSE is 0.5443808439761789


k=150
18/01/01 23:53:38 INFO RecommenderJob: Evaluator value:MPE is 0.9858761667957445
18/01/01 23:53:38 INFO RecommenderJob: Evaluator value:MAE is 0.5519953859611074
18/01/01 23:53:38 INFO RecommenderJob: Evaluator value:RMSE is 0.739773153007254
18/01/01 23:53:38 INFO RecommenderJob: Evaluator value:MSE is 0.5472643179102941

k=200
18/01/01 23:54:26 INFO RecommenderJob: Evaluator value:MPE is 0.9864672074348836
18/01/01 23:54:26 INFO RecommenderJob: Evaluator value:MAE is 0.553612227806108
18/01/01 23:54:26 INFO RecommenderJob: Evaluator value:RMSE is 0.7420150301558794
18/01/01 23:54:26 INFO RecommenderJob: Evaluator value:MSE is 0.5505863049772306
                                             

k=250
18/01/01 23:56:17 INFO RecommenderJob: Evaluator value:MPE is 0.9874454815962174
18/01/01 23:56:17 INFO RecommenderJob: Evaluator value:MAE is 0.5576488154488505
18/01/01 23:56:17 INFO RecommenderJob: Evaluator value:RMSE is 0.7469937362564025
18/01/01 23:56:17 INFO RecommenderJob: Evaluator value:MSE is 0.5579996420062998



uirtAll
18/01/02 17:17:32 INFO RecommenderJob: Evaluator value:MPE is 0.9871055794341121
18/01/02 17:17:32 INFO RecommenderJob: Evaluator value:MAE is 0.5627437481404048
18/01/02 17:17:32 INFO RecommenderJob: Evaluator value:RMSE is 0.7517287833666975
18/01/02 17:17:32 INFO RecommenderJob: Evaluator value:MSE is 0.5650961637419752
uirtSe12All
18/01/02 17:22:16 INFO RecommenderJob: Evaluator value:MPE is 0.9866981727811616
18/01/02 17:22:16 INFO RecommenderJob: Evaluator value:MAE is 0.5556676766284818
18/01/02 17:22:16 INFO RecommenderJob: Evaluator value:RMSE is 0.7433529494967073
18/01/02 17:22:16 INFO RecommenderJob: Evaluator value:MSE is 0.5525736075254543



changes4
K=10
18/01/05 12:39:43 INFO RecommenderJob: Evaluator value:MPE is 0.9866655792521306
18/01/05 12:39:43 INFO RecommenderJob: Evaluator value:MAE is 0.5486600508249244
18/01/05 12:39:43 INFO RecommenderJob: Evaluator value:RMSE is 0.732402703608698
18/01/05 12:39:43 INFO RecommenderJob: Evaluator value:MSE is 0.5364137202533303
k=20
18/01/05 12:40:10 INFO RecommenderJob: Evaluator value:MPE is 0.9863597439138768
18/01/05 12:40:10 INFO RecommenderJob: Evaluator value:MAE is 0.5483807455337809
18/01/05 12:40:10 INFO RecommenderJob: Evaluator value:RMSE is 0.7321631709294613
18/01/05 12:40:10 INFO RecommenderJob: Evaluator value:MSE is 0.5360629088654835
k=25
18/01/05 12:41:05 INFO RecommenderJob: Evaluator value:MPE is 0.9864005219589773
18/01/05 12:41:05 INFO RecommenderJob: Evaluator value:MAE is 0.548122512289395
18/01/05 12:41:05 INFO RecommenderJob: Evaluator value:RMSE is 0.7316024443181218
18/01/05 12:41:05 INFO RecommenderJob: Evaluator value:MSE is 0.5352421365322506
k=28
18/01/05 16:28:20 INFO RecommenderJob: Evaluator value:MPE is 0.9865228560942788
18/01/05 16:28:20 INFO RecommenderJob: Evaluator value:MAE is 0.5483876088993114
18/01/05 16:28:20 INFO RecommenderJob: Evaluator value:RMSE is 0.7319995496320921
18/01/05 16:28:20 INFO RecommenderJob: Evaluator value:MSE is 0.5358233406615858
k=30
18/01/04 20:22:25 INFO RecommenderJob: Evaluator value:MPE is 0.9863393548913265
18/01/04 20:22:25 INFO RecommenderJob: Evaluator value:MAE is 0.5479722430424637
18/01/04 20:22:25 INFO RecommenderJob: Evaluator value:RMSE is 0.7312664529827314
18/01/04 20:22:25 INFO RecommenderJob: Evaluator value:MSE is 0.5347506252579453
k=32
18/01/05 16:29:04 INFO RecommenderJob: Evaluator value:MPE is 0.9861558536883742
18/01/05 16:29:04 INFO RecommenderJob: Evaluator value:MAE is 0.5480809911537666
18/01/05 16:29:04 INFO RecommenderJob: Evaluator value:RMSE is 0.7316581941347533
18/01/05 16:29:04 INFO RecommenderJob: Evaluator value:MSE is 0.5353237130445284
k=35
18/01/05 12:42:47 INFO RecommenderJob: Evaluator value:MPE is 0.9861762427109244
18/01/05 12:42:47 INFO RecommenderJob: Evaluator value:MAE is 0.5482212289393896
18/01/05 12:42:47 INFO RecommenderJob: Evaluator value:RMSE is 0.7317992092241372
18/01/05 12:42:47 INFO RecommenderJob: Evaluator value:MSE is 0.5355300826210726

k=40
18/01/05 11:22:44 INFO RecommenderJob: Evaluator value:MPE is 0.985748073237369
18/01/05 11:22:44 INFO RecommenderJob: Evaluator value:MAE is 0.5484140735526675
18/01/05 11:22:44 INFO RecommenderJob: Evaluator value:RMSE is 0.7321855802997572
18/01/05 11:22:44 INFO RecommenderJob: Evaluator value:MSE is 0.5360957239988923
k=45
18/01/05 11:27:23 INFO RecommenderJob: Evaluator value:MPE is 0.9857072951922685
18/01/05 11:27:23 INFO RecommenderJob: Evaluator value:MAE is 0.5481984306457609
18/01/05 11:27:23 INFO RecommenderJob: Evaluator value:RMSE is 0.7320618327465139
18/01/05 11:27:23 INFO RecommenderJob: Evaluator value:MSE is 0.535914526964185
k=50
18/01/03 21:30:16 INFO RecommenderJob: Evaluator value:MPE is 0.9861960688361472
18/01/03 21:30:16 INFO RecommenderJob: Evaluator value:MAE is 0.5480778374860494
18/01/03 21:30:16 INFO RecommenderJob: Evaluator value:RMSE is 0.7328185830908259
18/01/03 21:30:16 INFO RecommenderJob: Evaluator value:MSE is 0.5370230757232458
k=60
18/01/04 20:12:25 INFO RecommenderJob: Evaluator value:MPE is 0.986461689026628
18/01/04 20:12:25 INFO RecommenderJob: Evaluator value:MAE is 0.5488281099281829
18/01/04 20:12:25 INFO RecommenderJob: Evaluator value:RMSE is 0.7327921907812437
18/01/04 20:12:25 INFO RecommenderJob: Evaluator value:MSE is 0.5369843948699746
k=70
18/01/05 11:28:23 INFO RecommenderJob: Evaluator value:MPE is 0.9866451902295804
18/01/05 11:28:23 INFO RecommenderJob: Evaluator value:MAE is 0.5486796671826746
18/01/05 11:28:23 INFO RecommenderJob: Evaluator value:RMSE is 0.7328616907359183
18/01/05 11:28:23 INFO RecommenderJob: Evaluator value:MSE is 0.5370862577483089
k=80
18/01/04 20:22:23 INFO RecommenderJob: Evaluator value:MPE is 0.9865432451168291
18/01/04 20:22:23 INFO RecommenderJob: Evaluator value:MAE is 0.5489649878272962
18/01/04 20:22:23 INFO RecommenderJob: Evaluator value:RMSE is 0.7333177935453329
18/01/04 20:22:23 INFO RecommenderJob: Evaluator value:MSE is 0.5377549863301955
k=90
18/01/05 11:28:10 INFO FMSGDRecommender: Job End.
18/01/05 11:28:10 INFO RecommenderJob: Evaluator value:MPE is 0.986380132936427
18/01/05 11:28:10 INFO RecommenderJob: Evaluator value:MAE is 0.5492797607587461
18/01/05 11:28:10 INFO RecommenderJob: Evaluator value:RMSE is 0.7338275163197673
18/01/05 11:28:10 INFO RecommenderJob: Evaluator value:MSE is 0.5385028237080384
k=100
18/01/03 21:29:21 INFO RecommenderJob: Evaluator value:MPE is 0.9865432451168291
18/01/03 21:29:21 INFO RecommenderJob: Evaluator value:MAE is 0.5496784863201662
18/01/03 21:29:21 INFO RecommenderJob: Evaluator value:RMSE is 0.734524509295469
18/01/03 21:29:21 INFO RecommenderJob: Evaluator value:MSE is 0.5395262547557494
k=110
18/01/05 11:26:23 INFO RecommenderJob: Evaluator value:MPE is 0.9862781878236757
18/01/05 11:26:23 INFO RecommenderJob: Evaluator value:MAE is 0.5499288806815029
18/01/05 11:26:23 INFO RecommenderJob: Evaluator value:RMSE is 0.7347215523579484
18/01/05 11:26:23 INFO RecommenderJob: Evaluator value:MSE is 0.5398157594992735
k=120
18/01/04 20:16:46 INFO RecommenderJob: Evaluator value:MPE is 0.9862781878236757
18/01/04 20:16:46 INFO RecommenderJob: Evaluator value:MAE is 0.5501067913782131
18/01/04 20:16:46 INFO RecommenderJob: Evaluator value:RMSE is 0.7350277127839532
18/01/04 20:16:46 INFO RecommenderJob: Evaluator value:MSE is 0.5402657385604096
k=140
18/01/04 20:27:11 INFO RecommenderJob: Evaluator value:MPE is 0.9863189658687762
18/01/04 20:27:11 INFO RecommenderJob: Evaluator value:MAE is 0.5508967898060996
18/01/04 20:27:11 INFO RecommenderJob: Evaluator value:RMSE is 0.7362388519517328
18/01/04 20:27:11 INFO RecommenderJob: Evaluator value:MSE is 0.5420476471232054
k=150
18/01/03 21:32:38 INFO RecommenderJob: Evaluator value:MPE is 0.9859723524854218
18/01/03 21:32:38 INFO RecommenderJob: Evaluator value:MAE is 0.5514144675258503
18/01/03 21:32:38 INFO RecommenderJob: Evaluator value:RMSE is 0.737026951572007
18/01/03 21:32:38 INFO RecommenderJob: Evaluator value:MSE is 0.5432087273435255
k=200
18/01/03 21:33:51 INFO RecommenderJob: Evaluator value:MPE is 0.986461689026628
18/01/03 21:33:51 INFO RecommenderJob: Evaluator value:MAE is 0.5526026237602172
18/01/03 21:33:51 INFO RecommenderJob: Evaluator value:RMSE is 0.7388429943407899
18/01/03 21:33:51 INFO RecommenderJob: Evaluator value:MSE is 0.5458889702864645














uirtSe12LoAll
k=28
18/01/05 19:04:29 INFO RecommenderJob: Evaluator value:MPE is 0.986363080435403
18/01/05 19:04:29 INFO RecommenderJob: Evaluator value:MAE is 0.5465614329766307
18/01/05 19:04:29 INFO RecommenderJob: Evaluator value:RMSE is 0.7309785365602951
18/01/05 19:04:29 INFO RecommenderJob: Evaluator value:MSE is 0.5343296209118307
k=30
18/01/05 19:05:17 INFO RecommenderJob: Evaluator value:MPE is 0.9867503771046516
18/01/05 19:05:17 INFO RecommenderJob: Evaluator value:MAE is 0.5462491722962254
18/01/05 19:05:17 INFO RecommenderJob: Evaluator value:RMSE is 0.7303562418646597
18/01/05 19:05:17 INFO RecommenderJob: Evaluator value:MSE is 0.5334202400306693
k=32
18/01/05 19:04:12 INFO RecommenderJob: Evaluator value:MPE is 0.9869338334216642
18/01/05 19:04:12 INFO RecommenderJob: Evaluator value:MAE is 0.5463975122960739
18/01/05 19:04:12 INFO RecommenderJob: Evaluator value:RMSE is 0.7308348397355456
18/01/05 19:04:12 INFO RecommenderJob: Evaluator value:MSE is 0.5341195629712806
k=50
18/01/04 21:39:58 INFO RecommenderJob: Evaluator value:MPE is 0.9869338334216642
18/01/04 21:39:58 INFO RecommenderJob: Evaluator value:MAE is 0.546369968855219
18/01/04 21:39:58 INFO RecommenderJob: Evaluator value:RMSE is 0.7309058229568289
18/01/04 21:39:58 INFO RecommenderJob: Evaluator value:MSE is 0.5342233220321994
k=80
18/01/04 21:38:36 INFO RecommenderJob: Evaluator value:MPE is 0.9870357535977822
18/01/04 21:38:36 INFO RecommenderJob: Evaluator value:MAE is 0.5466080796764575
18/01/04 21:38:36 INFO RecommenderJob: Evaluator value:RMSE is 0.7315899529322184
18/01/04 21:38:36 INFO RecommenderJob: Evaluator value:MSE is 0.5352238592313655
k=100
18/01/04 21:40:14 INFO RecommenderJob: Evaluator value:MPE is 0.9862407762240614
18/01/04 21:40:14 INFO RecommenderJob: Evaluator value:MAE is 0.5467435500849974
18/01/04 21:40:14 INFO RecommenderJob: Evaluator value:RMSE is 0.7320046060647405
18/01/04 21:40:14 INFO RecommenderJob: Evaluator value:MSE is 0.5358307432999959
k=